{
  "source": "ManiSkill Camera.get_params() at reset+steps; R,t = inv(cam2world_gl)[:3,:]",
  "env_id": "OpenSubtaskTrain-v0",
  "task": "set_table",
  "subtask": "open",
  "split": "train",
  "sim_backend": "gpu",
  "steps_after_reset": 0,
  "sensors": [
    {
      "name": "fetch_head",
      "K": [
        [
          41.09392547607422,
          0.0,
          64.0
        ],
        [
          0.0,
          41.09392547607422,
          64.0
        ],
        [
          0.0,
          0.0,
          1.0
        ]
      ],
      "extrinsic_cv": [
        [
          -0.16293703019618988,
          0.9866366386413574,
          8.195639367158947e-08,
          4.386990070343018
        ],
        [
          0.48058274388313293,
          0.07936539500951767,
          -0.8733506798744202,
          0.7764443159103394
        ],
        [
          -0.8616797924041748,
          -0.14230112731456757,
          -0.4870920479297638,
          1.5571727752685547
        ]
      ],
      "cam2world_gl": [
        [
          -0.16293704509735107,
          -0.48058268427848816,
          0.8616795539855957,
          1.6834415197372437
        ],
        [
          0.9866364002227783,
          -0.07936537265777588,
          0.14230117201805115,
          -4.168399810791016
        ],
        [
          8.940696716308594e-08,
          0.8733506202697754,
          0.4870920181274414,
          1.4365942478179932
        ],
        [
          0.0,
          0.0,
          0.0,
          1.0
        ]
      ],
      "R": [
        [
          -0.162937083832885,
          0.9866365287188732,
          3.968924966905083e-08
        ],
        [
          -0.4805827835790921,
          -0.07936542453429944,
          0.8733506928976776
        ],
        [
          0.861679664370259,
          0.14230115040540386,
          0.48709201098568583
        ]
      ],
      "t": [
        4.386990514643094,
        -0.7764443908088431,
        -1.5571728164290526
      ]
    },
    {
      "name": "fetch_hand",
      "K": [
        [
          41.09392547607422,
          0.0,
          64.0
        ],
        [
          0.0,
          41.09392547607422,
          64.0
        ],
        [
          0.0,
          0.0,
          1.0
        ]
      ],
      "extrinsic_cv": [
        [
          -0.3370860517024994,
          0.8856098651885986,
          -0.31948092579841614,
          4.545871734619141
        ],
        [
          0.9084073305130005,
          0.39509233832359314,
          0.13674139976501465,
          0.4005947709083557
        ],
        [
          0.24732398986816406,
          -0.24412521719932556,
          -0.9376746416091919,
          -0.05439718812704086
        ]
      ],
      "cam2world_gl": [
        [
          -0.33708620071411133,
          -0.9084072709083557,
          -0.24732396006584167,
          1.1819005012512207
        ],
        [
          0.8856098055839539,
          -0.3950924873352051,
          0.24412524700164795,
          -4.197421073913574
        ],
        [
          -0.3194809854030609,
          -0.1367412954568863,
          0.9376746416091919,
          1.3465347290039062
        ],
        [
          0.0,
          0.0,
          0.0,
          1.0
        ]
      ],
      "R": [
        [
          -0.3370862088695917,
          0.8856098738434526,
          -0.3194809926247273
        ],
        [
          -0.9084072448263947,
          -0.39509249070445424,
          -0.13674127418141582
        ],
        [
          -0.24732397288405872,
          0.24412524986399067,
          0.9376746257911098
        ]
      ],
      "t": [
        4.5458721587901305,
        -0.40059569405380135,
        0.05439734784317228
      ]
    }
  ],
  "for_visualize_mshab": {
    "K": [
      [
        41.09392547607422,
        0.0,
        64.0
      ],
      [
        0.0,
        41.09392547607422,
        64.0
      ],
      [
        0.0,
        0.0,
        1.0
      ]
    ],
    "R": [
      [
        -0.162937083832885,
        0.9866365287188732,
        3.968924966905083e-08
      ],
      [
        -0.4805827835790921,
        -0.07936542453429944,
        0.8733506928976776
      ],
      [
        0.861679664370259,
        0.14230115040540386,
        0.48709201098568583
      ]
    ],
    "t": [
      4.386990514643094,
      -0.7764443908088431,
      -1.5571728164290526
    ]
  }
}