{
  "source": "ManiSkill get_sensor_params() at reset(+steps); R,t = OpenCV extrinsic in *robot base* frame (T_cam_base = extrinsic_cv @ T_world_base). Use with MshabTcpBaseToWorldActions output (base-at-chunk-start).",
  "env_id": "OpenSubtaskTrain-v0",
  "task": "set_table",
  "subtask": "open",
  "split": "train",
  "sim_backend": "gpu",
  "steps_after_reset": 0,
  "base_link_used": "base_link",
  "T_world_base": [
    [
      -0.9867083867657471,
      0.16249807053028006,
      -3.239946030998404e-08,
      1.848970651626587
    ],
    [
      -0.16249807053027568,
      -0.9867083867657422,
      -1.095085935934026e-07,
      -4.141048431396484
    ],
    [
      -4.976377374636405e-08,
      -1.027882479746782e-07,
      0.9999999999999934,
      0.019999999552965164
    ],
    [
      0.0,
      0.0,
      0.0,
      1.0
    ]
  ],
  "sensors": [
    {
      "name": "fetch_head",
      "K": [
        [
          41.09392547607422,
          0.0,
          64.0
        ],
        [
          0.0,
          41.09392547607422,
          64.0
        ],
        [
          0.0,
          0.0,
          1.0
        ]
      ],
      "R": [
        [
          0.0004447841155828605,
          -0.9999995990626116,
          -2.0809725170880176e-08
        ],
        [
          -0.48709170401907653,
          -0.00021664249352396287,
          -0.8733507041362287
        ],
        [
          0.873350360734206,
          0.0003884621542309778,
          -0.48709200442860406
        ]
      ],
      "t": [
        1.4180282102316255e-05,
        1.318904747310033,
        0.5434861473246388
      ],
      "T_cam_base": [
        [
          0.0004447841155828605,
          -0.9999995990626116,
          -2.0809725170880176e-08,
          1.4180282102316255e-05
        ],
        [
          -0.48709170401907653,
          -0.00021664249352396287,
          -0.8733507041362287,
          1.318904747310033
        ],
        [
          0.873350360734206,
          0.0003884621542309778,
          -0.48709200442860406,
          0.5434861473246388
        ],
        [
          0.0,
          0.0,
          0.0,
          1.0
        ]
      ],
      "T_base_cam": [
        [
          0.00044478877860631874,
          -0.48709208977960894,
          0.8733508571506563,
          0.16777397066477942
        ],
        [
          -1.0000002031024862,
          -0.00021663273702842985,
          0.0003884628805888554,
          8.877403592206061e-05
        ],
        [
          -1.189278862943023e-08,
          -0.873350686534977,
          -0.4870918857211404,
          1.4165940589013022
        ],
        [
          0.0,
          0.0,
          0.0,
          1.0
        ]
      ],
      "R_cam_world": [
        [
          -0.16293703019618988,
          0.9866366386413574,
          8.195639367158947e-08
        ],
        [
          0.48058274388313293,
          0.07936539500951767,
          -0.8733506798744202
        ],
        [
          -0.8616797924041748,
          -0.14230112731456757,
          -0.4870920479297638
        ]
      ],
      "t_cam_world": [
        4.386990070343018,
        0.7764443159103394,
        1.5571727752685547
      ],
      "extrinsic_cv_world": [
        [
          -0.16293703019618988,
          0.9866366386413574,
          8.195639367158947e-08,
          4.386990070343018
        ],
        [
          0.48058274388313293,
          0.07936539500951767,
          -0.8733506798744202,
          0.7764443159103394
        ],
        [
          -0.8616797924041748,
          -0.14230112731456757,
          -0.4870920479297638,
          1.5571727752685547
        ]
      ],
      "cam2world_gl": [
        [
          -0.16293704509735107,
          -0.48058268427848816,
          0.8616795539855957,
          1.6834415197372437
        ],
        [
          0.9866364002227783,
          -0.07936537265777588,
          0.14230117201805115,
          -4.168399810791016
        ],
        [
          8.940696716308594e-08,
          0.8733506202697754,
          0.4870920181274414,
          1.4365942478179932
        ],
        [
          0.0,
          0.0,
          0.0,
          1.0
        ]
      ]
    },
    {
      "name": "fetch_hand",
      "K": [
        [
          41.09392547607422,
          0.0,
          64.0
        ],
        [
          0.0,
          41.09392547607422,
          64.0
        ],
        [
          0.0,
          0.0,
          1.0
        ]
      ],
      "R": [
        [
          0.18869575583946005,
          -0.9286144815495104,
          -0.3194810118588987
        ],
        [
          -0.9605348810803085,
          -0.24222649936226134,
          0.13674132706710018
        ],
        [
          -0.20436673162638058,
          0.2810701667629438,
          -0.9376746228885403
        ]
      ],
      "t": [
        0.24886655650688905,
        0.4468515848118342,
        1.3950784659169684
      ],
      "T_cam_base": [
        [
          0.18869575583946005,
          -0.9286144815495104,
          -0.3194810118588987,
          0.24886655650688905
        ],
        [
          -0.9605348810803085,
          -0.24222649936226134,
          0.13674132706710018,
          0.4468515848118342
        ],
        [
          -0.20436673162638058,
          0.2810701667629438,
          -0.9376746228885403,
          1.3950784659169684
        ],
        [
          0.0,
          0.0,
          0.0,
          1.0
        ]
      ],
      "T_base_cam": [
        [
          0.1886959146214859,
          -0.9605357353197517,
          -0.20436693945026077,
          0.6673647294696801
        ],
        [
          -0.928615450141133,
          -0.24222674397354743,
          0.2810704169479676,
          -0.05277455226630473
        ],
        [
          -0.3194810432742907,
          0.13674128997921178,
          -0.937674611327176,
          1.326534743272082
        ],
        [
          0.0,
          0.0,
          0.0,
          1.0
        ]
      ],
      "R_cam_world": [
        [
          -0.3370860517024994,
          0.8856098651885986,
          -0.31948092579841614
        ],
        [
          0.9084073305130005,
          0.39509233832359314,
          0.13674139976501465
        ],
        [
          0.24732398986816406,
          -0.24412521719932556,
          -0.9376746416091919
        ]
      ],
      "t_cam_world": [
        4.545871734619141,
        0.4005947709083557,
        -0.05439718812704086
      ],
      "extrinsic_cv_world": [
        [
          -0.3370860517024994,
          0.8856098651885986,
          -0.31948092579841614,
          4.545871734619141
        ],
        [
          0.9084073305130005,
          0.39509233832359314,
          0.13674139976501465,
          0.4005947709083557
        ],
        [
          0.24732398986816406,
          -0.24412521719932556,
          -0.9376746416091919,
          -0.05439718812704086
        ]
      ],
      "cam2world_gl": [
        [
          -0.33708620071411133,
          -0.9084072709083557,
          -0.24732396006584167,
          1.1819005012512207
        ],
        [
          0.8856098055839539,
          -0.3950924873352051,
          0.24412524700164795,
          -4.197421073913574
        ],
        [
          -0.3194809854030609,
          -0.1367412954568863,
          0.9376746416091919,
          1.3465347290039062
        ],
        [
          0.0,
          0.0,
          0.0,
          1.0
        ]
      ]
    }
  ],
  "for_visualize_mshab": {
    "K": [
      [
        41.09392547607422,
        0.0,
        64.0
      ],
      [
        0.0,
        41.09392547607422,
        64.0
      ],
      [
        0.0,
        0.0,
        1.0
      ]
    ],
    "R": [
      [
        0.0004447841155828605,
        -0.9999995990626116,
        -2.0809725170880176e-08
      ],
      [
        -0.48709170401907653,
        -0.00021664249352396287,
        -0.8733507041362287
      ],
      [
        0.873350360734206,
        0.0003884621542309778,
        -0.48709200442860406
      ]
    ],
    "t": [
      1.4180282102316255e-05,
      1.318904747310033,
      0.5434861473246388
    ],
    "frame": "base"
  }
}